4294967279,106
4294967279,29
4294967294,112
4294967294,137
4294967294,961
4294967294,97
4294967294,80
4294967294,174
4294967294,169
4294967294,180
4294967279,188
4294967278,186
4294967279,186
4294967278,181
4294967279,182
4294967278,180
4294967294,30
4294967294,164
4294967294,165
4294967294,167
4294967294,177
4294967279,181
4294967294,182
4294967294,1022
4294967294,428
4294967294,426
4294967294,14
4294967294,20
4294967294,13
4294967294,168
4294967294,170
4294967294,162
4294967294,1032
4294967294,451
4294967294,142
4294967294,68
4294967294,184
4294967294,188
4294967294,11
4294967294,126
4294967294,12
4294967294,127
4294967294,18
4294967294,104
4294967294,106
4294967294,166
4294967294,24
4294967294,175
4294967294,183
4294967294,176
4294967278,260
4294967279,220
4294967279,105
4294967279,104
4294967279,216
4294967279,103
4294967279,101
4294967279,99
4294967279,96
4294967279,95
4294967279,94
4294967279,93
4294967279,91
4294967279,89
4294967279,83
4294967279,82
4294967279,81
4294967279,79
4294967279,77
4294967279,72
4294967279,71
4294967279,69
4294967279,63
4294967279,62
4294967279,54
4294967279,53
4294967279,44
4294967279,310
4294967294,989
4294967279,60
4294967279,439
4294967278,170
4294967279,171
4294967278,169
4294967278,340
4294967279,170
4294967279,413
4294967278,168
4294967279,169
4294967278,338
4294967278,166
95,5
4294967278,165
95,4
95,3
95,2
95,1
4294967279,306
4294967278,164
4294967279,51
4294967279,438
4294967279,42
4294967279,305
4294967279,161
4294967278,159
4294967279,160
4294967278,158
4294967278,337
4294967279,45
4294967279,157
4294967278,155
4294967279,155
4294967279,436
4294967278,154
4294967279,407
4294967278,298
4294967279,454
4294967279,151
4294967279,453
4294967279,150
4294967278,149
4294967279,149
4294967279,281
4294967278,148
4294967279,148
4294967278,147
4294967278,145
93,6
93,5
4294967278,144
93,4
93,3
93,2
93,1
4294967279,452
4294967278,143
4294967279,402
4294967278,364
4294967278,292
4294967279,300
4294967279,139
4294967278,138
4294967294,419
4294967294,179
4294967294,407
4294967294,411
4294967294,1017
4294967294,384
4294967294,468
4294967294,397
4294967294,458
4294967294,390
4294967294,418
4294967279,276
4294967278,277
4294967279,137
4294967278,136
4294967279,290
4294967279,135
4294967278,273
4294967278,134
4294967278,133
4294967278,295
4294967279,295
4294967278,285
4294967279,270
4294967279,294
4294967278,328
4294967279,293
4294967278,268
4294967294,173
4294967294,163
4294967279,268
4294967278,267
4294967278,284
4294967279,267
4294967278,283
4294967279,291
4294967278,262
4294967278,264
91,5
91,4
4294967278,263
91,3
91,2
91,1
4294967279,282
4294967278,392
4294967279,434
4294967278,257
4294967279,279
4294967278,256
4294967278,391
4294967279,433
4294967279,278
4294967278,363
4294967279,432
4294967278,255
4294967278,254
4294967279,257
4294967278,359
4294967279,387
4294967278,358
4294967278,357
4294967278,251
4294967279,391
89,5
4294967278,245
89,4
4294967279,246
89,3
89,2
89,1
4294967278,243
4294967279,237
4294967278,235
4294967279,235
4294967278,227
4294967279,227
4294967278,225
4294967279,451
4294967279,217
4294967278,215
4294967294,439
4294967278,360
4294967278,355
4294967278,244
4294967278,242
4294967278,240
4294967278,354
4294967278,230
4294967278,226
4294967278,222
4294967278,220
4294967278,353
4294967278,352
4294967278,36
4294967278,35
4294967278,34
4294967278,33
4294967278,32
4294967278,31
4294967278,30
4294967278,29
4294967278,28
4294967278,27
4294967278,26
4294967278,25
4294967278,24
4294967278,23
4294967278,22
4294967278,21
4294967278,20
4294967278,19
4294967278,18
4294967278,17
4294967278,16
4294967278,15
4294967278,14
4294967278,13
4294967278,12
4294967278,11
4294967278,10
4294967278,9
4294967278,8
4294967278,7
4294967278,6
4294967278,5
4294967278,4
4294967279,132
4294967279,131
4294967279,258
4294967279,130
4294967279,129
4294967279,128
4294967279,127
4294967279,126
4294967279,125
4294967279,124
4294967279,123
4294967279,253
4294967279,122
4294967279,251
4294967279,121
4294967279,249
4294967279,120
4294967279,247
4294967279,119
4294967279,245
4294967279,118
4294967279,243
4294967279,117
4294967279,241
4294967279,116
4294967279,239
4294967279,115
4294967279,429
4294967279,114
4294967279,236
4294967279,113
4294967279,234
4294967279,112
4294967279,232
4294967279,111
4294967279,230
4294967279,110
4294967279,228
4294967279,109
4294967279,108
4294967279,107
4294967279,88
4294967279,428
4294967279,427
4294967279,425
4294967279,28
4294967279,27
4294967279,25
4294967279,24
4294967279,23
4294967279,22
4294967279,20
4294967279,19
4294967279,18
4294967279,15
4294967279,13
4294967279,10
4294967279,9
4294967279,277
87,5
4294967279,212
87,4
4294967278,210
87,3
87,2
87,1
4294967278,351
4294967279,426
4294967294,980
4294967294,973
4294967294,185
4294967279,424
4294967278,205
4294967294,1421
4294967278,204
4294967278,203
4294967278,199
4294967279,202
4294967278,200
4294967278,350
4294967279,450
4294967278,390
4294967279,422
4294967278,196
4294967278,389
4294967279,421
4294967278,195
4294967278,194
4294967278,349
85,5
85,4
85,3
85,2
85,1
4294967279,419
4294967278,189
4294967278,345
4294967279,418
4294967278,185
4294967278,278
4294967278,184
4294967279,185
4294967294,38
4294967294,37
4294967278,183
4294967279,184
4294967278,182
4294967279,183
84,5
